
Coursework One Results by lc3311

The prior probability of node 0
 0.159  0.295  0.205  0.341

The link matrix P(2|0) calculated from the data
 0.571  0.231  0.000  0.000
 0.286  0.231  0.000  0.000
 0.143  0.000  0.000  0.000
 0.000  0.308  0.222  0.000
 0.000  0.154  0.778  0.000
 0.000  0.077  0.000  0.333
 0.000  0.000  0.000  0.333
 0.000  0.000  0.000  0.333


The joint probability matrix P(2&0) calculated from the data
 0.091  0.068  0.000  0.000
 0.045  0.068  0.000  0.000
 0.023  0.000  0.000  0.000
 0.000  0.091  0.045  0.000
 0.000  0.045  0.159  0.000
 0.000  0.023  0.000  0.114
 0.000  0.000  0.000  0.114
 0.000  0.000  0.000  0.114


The link matrix P(2|0) calculated from P(2&0)
 0.571  0.231  0.000  0.000
 0.071  0.149  0.000  0.000
 0.034  0.000  0.000  0.000
 0.000  0.169  0.222  0.000
 0.000  0.074  0.417  0.000
 0.000  0.035  0.000  0.333
 0.000  0.000  0.000  0.203
 0.000  0.000  0.000  0.175


The results of query [4,0,0,0,5] on the naive network
 0.982  0.018  0.000  0.000

The results of query [6,5,2,5,5] on the naive network
 0.000  0.000  0.000  1.000
